<?xml version="1.0"?>
<opencv_storage>
<camera_matrix type_id="opencv-matrix">
  <rows>3</rows>
  <cols>3</cols>
  <dt>d</dt>
  <data>
    1.1569404181756163e+03 0. 6.6594857150397684e+02 0.
    1.1521386338969294e+03 3.8878468499953755e+02 0. 0. 1.</data></camera_matrix>
<dist_coeff type_id="opencv-matrix">
  <rows>1</rows>
  <cols>5</cols>
  <dt>d</dt>
  <data>
    -2.3763431726010581e-01 -8.5423188666468128e-02
    -7.9092531319800870e-04 -1.1591165515700149e-04
    1.0575710668504498e-01</data></dist_coeff>
<board_width>9</board_width>
<board_height>6</board_height>
<square_size>2.3999999999999999e-01</square_size>
</opencv_storage>
