<?xml version="1.0"?>
<opencv_storage>
<mean_mtx type_id="opencv-matrix">
  <rows>1</rows>
  <cols>1515</cols>
  <dt>f</dt>
  <data>
    2.96978444e-01 .Inf 3.16191614e-01 .Inf 9.78903682e+12
    -2.50117050e+06 -296634528. 2.36815155e-01 2.72713095e-01
    -8.18585682e+00 8.43412344e+04 -7.02759812e+05 1.25690833e+03
    -3.17180225e+03 -8.05618408e+02 3.94256830e+00 2.32768804e-01
    2.68959492e-01 2.84518361e-01 2.89970219e-01 -1252942.
    -8.45321198e+01 -3.31439056e+02 3.15667123e-01 2.72781491e-01
    -2.30611267e+01 -4.13228241e+02 -1.87851401e+15 -1.44767172e+20
    -1.45490488e+17 -2.49441360e+27 4.00234759e-01 3.49684149e-01
    2.89632499e-01 2.61958301e-01 -1.16810107e+16 -4.62091163e+28
    -2.07505695e+23 -10866911. -2.31400610e+03 4.14522082e-01
    9.82776953e+33 7.64815677e+30 7.62415656e+18 14093648.
    1.09784285e+26 3.31815237e+19 1.13920328e+11 -4.87592797e+22
    -1.68496230e+10 -8.20456500e+05 -2.61822691e+18 1.20333533e+11
    2.12819815e-01 2.48273224e-01 2.22389728e-01 2.63367772e-01
    -1.41854319e+16 2.31380330e+15 -2.85539172e+11 4.94799854e+03
    -3.72139062e+03 -8.81131531e+02 2.50842667e+01 2.66500384e-01
    3.09153587e-01 3.90620977e-01 4.24173594e-01 -1.63063691e+04
    -1.07024321e-02 -3.91128212e-02 2.42808864e-01 2.13285193e-01
    -1.35267807e+15 -3.76295416e+17 3.76737058e-01 4.09165680e-01
    3.30597878e-01 2.51763344e-01 2.24429920e-01 -5.80365107e+09
    -3.57027987e+17 -9.73925610e+13 2.88995206e-01 -3.24904616e+11
    -8.49481125e+01 3.61367553e-01 2.67809302e-01 7.67773556e+31
    3.41083290e+09 1.35807720e+25 6.17630728e+16 -418726464.
    2.29693692e+26 1.65523537e+19 2.30898385e+11 -5.60354585e+21
    -3.63902140e+11 -3.33313125e+05 -2.70615757e+11 2.23641247e-01
    2.58920372e-01 3.82360816e-01 4.49824303e-01 -2.68242383e+04
    -9.65637152e+22 4.22962796e+15 -8.63018025e+10 1.71233362e+03
    -1.65328516e+03 1.28034546e+02 2.33845062e+02 4.66684699e-01
    3.90945703e-01 2.51521260e-01 1.92932680e-01 -2.65580902e+01
    -119539280. -1.30826600e+11 -5.35455334e+11 -9.12448942e+24
    4.80875969e-01 3.94905388e-01 2.40839005e-01 1.84478641e-01
    -7.67561960e+00 -7329611. -3.16800194e+01 2.65145719e-01 -487065344.
    -7.67885637e+00 3.49480689e-01 2.45865524e-01 2.14274034e-01
    2.83562665e+28 1.48898694e+30 1.54826240e+21 18576668.
    8.72167632e+28 1.54521571e+18 709970048. 2.21605689e+28
    4.04771572e+20 2.23179566e+13 -4.00476475e+20 -1732313728.
    1.70000225e-01 3.80196631e-01 4.43321258e-01 3.74331087e-01
    -1446293632. 8.23831347e+10 -1.10780628e+14 -1.78534793e+21
    5.70876074e+12 -8.00538624e+09 1.35844812e+03 -7.36472559e+00
    1.21973364e+03 3.28620361e+03 2.18116656e-01 2.17783362e-01
    1.80644318e-01 1.82197243e-01 -4.62702237e+13 -5.78660661e+31
    4.81426537e-01 4.00354147e-01 2.50191391e-01 1.89465180e-01
    -5.04825078e+10 -1.76176939e+11 1.63229197e-01 2.32507229e-01
    3.82150680e-01 5.02251983e-01 4.03598189e-01 -1.61377562e+05
    1.63150311e-01 1.59844279e-01 .Inf 5.51439726e+23 1.08998279e+11
    7.47361931e+30 8.67513028e+21 3.99507620e+11 4.97926525e+32
    2.18611524e+21 4.60166922e+11 7.98474420e+33 2.33673842e+24
    1.24481037e+17 -1.52596237e+16 1.95367396e-01 3.70529145e-01
    2.48789787e-01 2.12471887e-01 -6.41525984e+00 -1.21828207e+23
    8.16648518e+15 -1.57063561e+11 -4.52155801e+21 -3.39784709e+12
    -6.39064310e+10 4.04057129e+03 1.00099766e+00 4.87491188e+01
    5.06999180e+04 -2.02958832e+02 2.68504679e-01 -2.64009088e-01
    4.44703966e-01 3.86543959e-01 2.67259270e-01 2.13523448e-01
    -1.07792834e+15 -53844584. -6.11620605e-01 2.61580735e-01
    4.02497053e-01 4.53123927e-01 3.93361956e-01 -7.78677917e+02
    2.03261390e-01 2.02383459e-01 1.64895356e-01 1.70949608e-01
    6.50403525e+20 2.30423947e+27 1.64602872e+20 1.37045778e+11
    6.21493057e+32 2.71927683e+21 1.48485374e+14 1.63513280e+35
    1.78263552e+23 1.48970639e+14 2.56841966e+33 1.11766035e+22
    5.85717642e+14 -1.18715012e+00 1.54617980e-01 1.48943007e-01
    -1.56843688e+05 -4.60751650e+06 -9.73961932e+13 -2.42857105e+22
    9.13075444e+12 -7.33999186e+10 -9.93698721e+22 -4.06843163e+12
    -2.23298945e+11 2.97864312e+05 -6.30745586e+04 -1.07245075e+06
    -1.96890009e+25 -9.86099998e+31 3.87917221e-01 2.56995678e-01
    2.20256582e-01 -3.70446648e+20 -3.10890590e+20 -4.52280934e+09
    2.72494942e-01 3.72820586e-01 4.27779406e-01 3.71959955e-01
    -3.22279191e+00 2.31734559e-01 1.77252650e-01 -1.59416152e+04
    2.20757872e-01 2.72772878e-01 5.56815420e+31 1.89533357e+20
    2.28041907e+09 1.82799681e+32 8.49507368e+23 7.01817252e+14
    3.15322097e+36 8.62020026e+23 1.16112648e+16 1.99029542e+35
    1.34037551e+22 6.84350898e+11 1.13004558e+25 1.59548625e+05
    2.18922168e-01 1.89867109e-01 1.94142446e-01 2.58046150e-01
    -1.65311253e+21 -1.28778461e+11 -5.23158938e+09 -6.96331797e+20
    -3.29076552e+10 -3.83447040e+10 6.37160944e+26 1.39251942e+22
    7.88171029e+17 -1.55242366e+30 -7.54140259e+33 3.88999432e-01
    2.33197704e-01 1.68165267e-01 1.64581954e-01 -2.88037750e+05
    -4.79132520e+03 2.25712851e-01 4.05380249e-01 5.04313588e-01
    3.79804075e-01 -1.56370201e+01 1.63474008e-01 1.66972235e-01
    -7.40114766e+04 1.47840083e-01 -3.78207751e-02 3.27788949e-01 .Inf
    2.14436310e+17 4.91655905e+25 2.25699443e+20 1.26957178e+13
    8.83632934e+32 6.60202938e+28 5.64401309e+19 3.80604043e+36
    1.04340370e+27 5.11822403e+13 2.02496034e+26 2.26887042e+17
    -270540448. 6.48114586e+00 2.28772983e-01 2.72692412e-01
    -1.06577441e+03 -1.59704236e+03 -5.66616654e+12 -5.57012914e+21
    -5.38647603e+09 -1.85345188e+10 -7.82725435e+22 9.19946948e+17
    9.42107373e+20 .Inf .Inf .Inf 7.09962845e-01 2.33028933e-01
    2.41241023e-01 2.18560711e-01 -2.45155369e+10 2.73738235e-01
    3.89905423e-01 4.41918373e-01 3.61893326e-01 2.51516312e-01
    2.06964865e-01 2.13699043e-01 -82065672. -9.11039429e+01
    2.49196813e-01 -1426376192. 4.58184779e-01 3.77511114e-01
    2.93496707e+35 4.47192916e+24 9.86189706e+17 6.62042262e+34
    7.62128323e+28 2.59344622e+20 1.05207162e+33 1.85971030e+28
    2.47000975e+17 .Inf .Inf 5.96937456e+13 -5.83900755e+21 809133.
    2.61522412e-01 3.17693830e-01 3.83342385e-01 3.39110106e-01
    -3.65584942e+20 -1.05075646e+11 -9.88333097e+10 -9.58486787e+22
    1.04918753e+18 4.04662775e+18 .Inf .Inf .Inf -1.99833446e+27
    -1.38359288e+17 -1.18963271e+14 2.61304051e-01 2.43303925e-01
    2.72077829e-01 3.35753232e-01 3.88969034e-01 3.44974726e-01
    3.02979052e-01 2.80274868e-01 2.76202023e-01 1.85255855e-01
    2.52379894e-01 2.81461030e-01 -9.85813484e+10 -4.19676849e+02
    3.42027038e-01 2.85942912e-01 .Inf 1.76126601e+19 4.70651857e+36
    5.53637553e+30 4.71018368e+21 3.05499457e+35 8.13317038e+25
    4.27705567e+15 6.89716075e+28 4.70648904e+21 6.04398264e+10 .Inf
    -5.94324636e+15 4.63500611e+18 -1.40242139e+03 4.18265224e-01
    3.40111554e-01 2.60403425e-01 4.44338739e-01 1.05971109e+18
    2.58761108e+23 1.30254482e+27 1.32423745e+27 .Inf -1.83119789e+14
    -4.60753338e+11 -2.03763773e+25 -5.21481078e+15 -2.29360901e+13
    -3.29192342e+28 .Inf 1.60539012e+36 2.41514891e-01 4.32003587e-01
    2.42776901e-01 2.89752334e-01 2.32221231e-01 6.43719214e+34
    3.15630943e-01 2.54172504e-01 3.12357754e-01 -4.05519656e+05
    3.18355948e-01 2.45285049e-01 -4.08052673e+02 2.38871634e-01
    7.03428001e+36 5.82020667e+36 9.36620096e+28 7.95945000e+19 .Inf
    2.37132169e+28 1.24606691e+18 3.12674194e+29 8.23418365e+19
    -2.97310556e+10 1.03637806e+21 1.23307095e+18 7.09030733e+13 .Inf
    -5.05684906e+05 1.55781182e+04 2.99878448e-01 2.36573532e-01
    3.14412087e-01 -8.04742731e+17 8.04128688e+16 3.21465104e+23
    -7.93142047e+21 -2.40878826e+12 -7.56406272e+09 -4.94022217e+23
    -5.26711872e+14 -8.20645934e+12 .Inf .Inf 1.07492374e+32 .Inf .Inf
    9.80383389e+25 2.89964110e-01 2.15297088e-01 3.15976113e-01
    3.18942279e-01 2.11483896e-01 3.00424129e-01 -1.27969110e+00
