<?xml version="1.0"?>
<opencv_storage>
<meansigma type_id="opencv-matrix">
  <rows>1323</rows>
  <cols>2</cols>
  <dt>d</dt>
  <data>
    2.9206505538683852e-01 1.2865782237022236e-01 2.8417235241445660e-01
    1.2713241196845837e-01 3.0946267087428908e-01 1.1751155890826467e-01
    3.6002238921666357e-01 1.2207201135606555e-01 3.9752158024426620e-01
    1.1844163168882209e-01 3.2016688496847179e-01 1.3096314154868233e-01
    2.6367754988099656e-01 1.2393178588413029e-01 2.4289453583820167e-01
    1.2401702773714987e-01 2.7193836547972305e-01 1.2613382413439977e-01
    2.9210864330257791e-01 1.3695362372075789e-01 2.9662098870433051e-01
    1.3626223312787025e-01 3.2018964486353241e-01 1.2113354552351197e-01
    3.5698017003392374e-01 1.2357178883148653e-01 3.9028236396706539e-01
    1.2348083723294770e-01 3.1445919229298036e-01 1.3829334645618796e-01
    2.5427846785940589e-01 1.2740813675444684e-01 2.3404424197595974e-01
    1.2023431319556331e-01 2.6571108915213898e-01 1.2788942570679193e-01
    2.7689588718433172e-01 1.2886204388538747e-01 2.8268022093881368e-01
    1.2719859799193792e-01 3.1154728407440035e-01 1.1926670719755290e-01
    3.5881511865572452e-01 1.2118507332039910e-01 4.0290483876576411e-01
    1.1525116002815773e-01 3.3767325894651024e-01 1.2652447458583627e-01
    2.7349382621244434e-01 1.2157419832025917e-01 2.4148342234444548e-01
    1.1803895520819280e-01 2.6017563515199987e-01 1.2633211497602040e-01
    2.6883200203039997e-01 1.2819981646447540e-01 2.6232403039224778e-01
    1.2475787601576173e-01 2.9083155359405910e-01 1.2133589321192616e-01
    3.5465968704600953e-01 1.2382899982497221e-01 4.0660950974823812e-01
    1.1201719251429036e-01 3.5219051010177116e-01 1.2566117632637877e-01
    2.8729610273321587e-01 1.1833729444894110e-01 2.5509749204067755e-01
    1.1980511675379542e-01 2.6653850491275655e-01 1.2849676063557275e-01
    2.5988434471786909e-01 1.3643204532783915e-01 2.4434937308261467e-01
    1.2694469549668400e-01 2.7224293755022871e-01 1.2731622998077213e-01
    3.4958353618014343e-01 1.3474655791367396e-01 4.1671798207993321e-01
    1.2118950561853101e-01 3.5776749940111896e-01 1.3348713653092464e-01
    2.8757815639295869e-01 1.2682943698813956e-01 2.5569441103911661e-01
    1.2742592728083479e-01 2.6272996549672356e-01 1.3711043868600320e-01
    2.5388865183180331e-01 1.3941687458331206e-01 2.3651033999540214e-01
    1.2776364404604515e-01 2.6936052060150839e-01 1.3136263765362977e-01
    3.5904600782988688e-01 1.3850685411769320e-01 4.2965040197476201e-01
    1.1514400004355291e-01 3.6503001891305020e-01 1.3885581328779981e-01
    2.8035035024882543e-01 1.3323682733719749e-01 2.3575719574910362e-01
    1.3002201332581054e-01 2.5000907075393330e-01 1.3857232022718499e-01
    2.5032099300275101e-01 1.3403966043528373e-01 2.2814472021146298e-01
    1.2835866964541984e-01 2.6879671513739489e-01 1.3561599595391569e-01
    3.6107468722953756e-01 1.4110301539869918e-01 4.4387304228679836e-01
    1.2239200129220461e-01 3.7211239113887856e-01 1.4349810494925544e-01
    2.6830982242210683e-01 1.3246059756766404e-01 2.2330673323422817e-01
    1.3010084437563516e-01 2.4594982535855589e-01 1.3009084907929780e-01
    2.6219803595990976e-01 1.2968402947769284e-01 2.6381842578318188e-01
    1.2521647342682152e-01 3.0660678701278127e-01 1.2268676801583733e-01
    3.8870272461903438e-01 1.3318541325462510e-01 4.2217012399735721e-01
    1.2395322238399810e-01 3.2981255264357690e-01 1.3111024569364194e-01
    2.5124006714712382e-01 1.3041966030251884e-01 2.2331015929270215e-01
    1.2616803926497935e-01 2.4762646593042933e-01 1.3057008031628198e-01
    2.6994367499497712e-01 1.3271765133933247e-01 2.8016899554123392e-01
    1.3061979495857040e-01 3.1265720627781901e-01 1.2112785602500518e-01
    3.7705005075999937e-01 1.2485490698303658e-01 4.1076808065382359e-01
    1.1905081406371282e-01 3.3374370571177980e-01 1.3104804896666891e-01
    2.5533695390740913e-01 1.2713495059392377e-01 2.2712331709592914e-01
    1.2220625651764966e-01 2.4896367013631307e-01 1.2853587176491790e-01
    2.5046094824605125e-01 1.2955699104217785e-01 2.5677278935614489e-01
    1.2572054998436799e-01 2.9893443846207346e-01 1.2447661057477945e-01
    3.7664043301998329e-01 1.2284760493998917e-01 4.2648073945389775e-01
    1.2498756691497723e-01 3.6017247170769967e-01 1.2825099936839340e-01
    2.6959107773476138e-01 1.2292232376208627e-01 2.2913546991395431e-01
    1.2195368220915466e-01 2.3748340097308512e-01 1.2742239251530918e-01
    2.4422011861225737e-01 1.2803985225918632e-01 2.4089613253237821e-01
    1.2506645703056829e-01 2.8265854772309285e-01 1.2159190739761780e-01
    3.7067079025253463e-01 1.2285860070805935e-01 4.2340960252650534e-01
    1.1489546476493384e-01 3.7047702928914750e-01 1.2868946743619025e-01
    2.9030062017997343e-01 1.2274327442046316e-01 2.4472008166515979e-01
    1.2392508486070297e-01 2.4596159771806997e-01 1.2791386279624542e-01
    2.1755718831138723e-01 1.3384703675379808e-01 2.1543458661269010e-01
    1.2846898637200413e-01 2.6281693002944179e-01 1.3329973041798532e-01
    3.8256171855681254e-01 1.4175338082670957e-01 4.5359969775825298e-01
    1.2997591623550056e-01 3.8478530597026461e-01 1.3484757906314393e-01
    2.7404649321332530e-01 1.3107474713421552e-01 2.1988404044765394e-01
    1.3116153262487398e-01 2.1920575633365016e-01 1.3440771377214750e-01
    2.1030189823561912e-01 1.3931028604710219e-01 2.1069360085929772e-01
    1.3192618216328425e-01 2.6519120364467419e-01 1.3650548242540134e-01
    3.9478652908823259e-01 1.4143147093698721e-01 4.6448448173605961e-01
    1.2575991893185529e-01 3.8956723840488994e-01 1.4116895081731659e-01
    2.5747967426666046e-01 1.3538901703259615e-01 2.0043155960701811e-01
    1.2848691026743680e-01 2.0334832769708983e-01 1.3627450655641807e-01
    2.0962017297037278e-01 1.3313727513598261e-01 2.0419933345504143e-01
    1.3316701384296048e-01 2.6500824910361026e-01 1.4027383495616938e-01
    3.8895106103370736e-01 1.4315762277894925e-01 4.7353395486561883e-01
    1.3634296723275277e-01 3.9175846692244681e-01 1.4600796000369401e-01
    2.4996832027869220e-01 1.3886969299099772e-01 1.9164451953801157e-01
    1.3200573807714910e-01 2.0190216879462630e-01 1.3243591574794086e-01
    2.3947852914812068e-01 1.3617762487270332e-01 2.2887036543335806e-01
    1.2964869434071905e-01 2.7013221386042596e-01 1.3154738564464805e-01
    3.9854308900918028e-01 1.4060177930318163e-01 4.4428751989830612e-01
    1.4003187202721240e-01 3.4945340632920685e-01 1.3158516650438817e-01
    2.5370850454570043e-01 1.3089281917130344e-01 2.2054243229263260e-01
    1.2874141962743746e-01 2.3935614188747992e-01 1.3590555939886129e-01
    2.4047021460226570e-01 1.3039724527416566e-01 2.3765304369223694e-01
    1.2605253417541051e-01 2.8025765046403622e-01 1.2553799385922290e-01
    3.9433081803288822e-01 1.2808758498312711e-01 4.3273741649472985e-01
    1.2243754018750307e-01 3.6464297995487144e-01 1.2242206070862258e-01
    2.6794699226477497e-01 1.2547229719685346e-01 2.2905315395396730e-01
    1.2570690473750087e-01 2.3961970690567816e-01 1.3111264012195728e-01
    2.2738383337486864e-01 1.3210252461312966e-01 2.3092361586030230e-01
    1.2867741581064904e-01 2.7834929061572700e-01 1.2766179488292903e-01
    3.9246562350279734e-01 1.2479184629021817e-01 4.4649882179811140e-01
    1.3318425454680191e-01 3.7483742069655662e-01 1.2782945982824329e-01
    2.6628147506336547e-01 1.2668487254119215e-01 2.2068459108014959e-01
    1.2413802452366847e-01 2.2358594945347274e-01 1.3193774313247375e-01
    2.1976488303949523e-01 1.2910504720479271e-01 2.2046764762418089e-01
    1.2591572874582135e-01 2.7067854189849161e-01 1.2880232082510210e-01
    3.9389373145400591e-01 1.2792410610270469e-01 4.4678181120950794e-01
    1.2295914795261487e-01 3.8713772525655293e-01 1.3112144349021268e-01
    2.7489105435908134e-01 1.2843598029605677e-01 2.2117344585535670e-01
